P.drawV =   5*[30	0	0;
25	5	-5;
25	-5	-5;
25	5	5;
25	-5	5;
20	100	-2.5;
20	100	2.5;
-20	100	0;
20	0	-2.5;
20	0	2.5;
-20	0	0;
20	-100	-2.5;
20	-100	2.5;
-20	-100	0;
-80	50	-2.5;
-80	50	2.5;
-100	50	0;
-80	0	-2.5;
-80	0	2.5;
-100	0	0;
-80	-50	-2.5;
-80	-50	2.5;
-100	-50	0;
-100	1.25	-40;
-100	-1.25	-40;
];
P.drawF = [1,4,2,1;
     1,2,3,1;
     1,3,5,1;
     1,5,4,1;
     20,4,5,20;
     20,2,4,20;
     20,3,2,20;
     20,5,3,20;
     6,7,8,6;
     7,6,9,10;
     8,7,10,11;
     8,11,9,6;
     11,10,13,14;
     11,14,12,9;
     10,9,12,13;
     14,13,12,14;
     15,16,17,15;
     17,16,19,20;
     15,18,19,16;
     20,18,15,17;
     20,19,22,23;
     18,21,22,19;
     23,21,18,20;
     19,25,24,19;
     25,19,20,25;
     24,20,19,24;
     24,20,25,24];
P.drawpatchcolors = [1,1,0;
                       0,1,0;
                       0,0,1;
                       1,0,1;
                       1,1,0;
                       0,0,0;
                       1,0,0;
                       0,1,0;
                       0,0,1;
                       1,0,1;
                       1,1,0;
                       0,0,0;
                       1,0,0;
                       0,1,0;
                       0,0,1;
                       1,0,1;
                       1,1,0;
                       0,0,0;
                       1,0,0;
                       0,1,0;
                       0,0,1;
                       1,0,1;
                       1,1,0;
                       0,0,0;
                       1,0,0];